2400
1500
1800
900
1200
600
600
900
900
600
300
900
300
600
300
300
900
600
300
600
0
600
600
300
600
0
600
0
600
300
600
300
600
0
300
300
600
300
300
300
0
600
0
300
600
300
600
0
600
0
0
600
300
300
300
300
300
0
300
300
300
300
300
300
600
0
300
300
0
300
300
300
300
300
300
300
0
0
600
0
300
300
300
600
300
0
300
300
0
0
600
0
600
300
0
300
300
0
0
600
0
300
300
300
300
300
300
0
600
0
0
300
300
300
300
300
0
600
0
0
300
300
0
300
600
0
600
0
300
0
600
0
0
300
300
300
300
300
0
600
0
0
300
300
0
300
600
0
600
0
0
300
300
0
0
600
0
600
300
0
300
300
0
0
600
0
300
300
300
300
300
0
0
600
0
0
600
0
600
300
0
300
300
0
300
300
0
600
300
300
300
0
300
300
0
300
300
300
600
0
300
300
0
600
0
300
600
300
300
0
300
300
0
600
300
300
300
600
0
0
600
300
600
300
300
0
600
0
600
600
300
3