0
0
0
0
0
0
0
0
0
0
0
0
3,97667020148462E-06
0,000434119830328738
0,00192139448568399
0,0365555408271474
0,00132224284199364
0,000465933191940615
7,29056203605514E-06
6,62778366914104E-06
0,000590535524920467
0,00144154294803818
0,0318465005302227
0,00376259278897137
0,000685312831389184
1,98833510074231E-06
0,000318796394485684
0,000397004241781548
0,00554944326617179
0,069120493107105
0,00276709968186638
0,00420996818663839
0,000604453870625663
0,00234888653234358
0,0268073966065748
0,00438958112407211
0,000941145281018028
3,11505832449629E-05
1,32555673382821E-06
0
0
0
0
0
0
0
5,1033934252386E-05
0,00170267762460233
0,00573700954400848
0,0930149787910923
0,00751060445387063
0,00137393955461294
4,77200424178155E-05
0
0
0
0
0
0
0
8,08589607635207E-05
0,000142497348886532
0,00094644750795334
0,000213414634146341
0,00447773064687169
4,30805938494168E-05
0,000101405090137858
0,000348621420996819
0,00843716861081654
0,000441410392364793
0,000213414634146341
0,000320121951219512
0,000139846235418876
3,24761399787911E-05
0
0
1,39183457051962E-05
0,000400980911983033
0,00130103393425239
0,0060292948038176
0,00171460763520679
0,00596301696712619
0,005817868504772
0,000805275715800636
0,000223356309650053
2,12089077412513E-05
0
0,000110021208907741
0,00224217921527041
0,0077538441145281
0,0571500530222694
0,00668279427359491
0,00244896606574761
0,00163374867444327
0,00024390243902439
6,42895015906681E-05
5,30222693531283E-06
0
0
0
0
0
1,45811240721103E-05
0,000219379639448568
0,000999469777306469
0,0103134941675504
0,00149589077412513
0,00172123541887593
0,00703141569459173
0,00173316542948038
0,000435445387062566
1,2592788971368E-05
0
0
0
0
0
0
0
8,61611876988335E-06
2,78366914103924E-05
0,00155819194061506
4,57317073170732E-05
3,31389183457052E-06
6,62778366914104E-07
6,62778366914104E-05
0,000246553552492047
0,00370890774125133
0,000238600212089077
3,38016967126193E-05
0,000227332979851538
0,000960365853658537
0,0056342788971368
0,000862937433722163
0,000287645811240721
1,98833510074231E-06
0
0
0
0
0
2,65111346765642E-06
1,06044538706257E-05
4,4406150583245E-05
3,97667020148462E-06
1,98833510074231E-06
1,32555673382821E-06
4,10922587486744E-05
0,000570652173913044
0,0196308324496288
0,000659464475079533
0,000678022269353128
0,00323237009544008
0,0348276776246023
0,00312632555673383
0,000680673382820785
2,98250265111347E-05
0
7,42311770943796E-05
1,06044538706257E-05
0,0004699098621421
0,00466463414634146
0,000410922587486744
0,000229984093319194
0,00264183457051962
0,000151113467656416
3,1813361611877E-05
0
0
0
0
0
0
0
0
0
0
0
0
0
0
5,30222693531283E-06
3,64528101802757E-05
0,000248541887592789
0,00121619830328738
0,000414236479321315
0,00286850477200424
0,000214077412513256
2,18716861081654E-05
1,32555673382821E-06
0
0
0
0
0
0
1,32555673382821E-06
1,2592788971368E-05
7,09172852598091E-05
0,000831124072110286
0,000422189819724284
0,00224880699893955
0,0405951749734889
0,0053757953340403
0,000664766702014846
0,000376458112407211
2,25344644750795E-05
0,000119962884411453
0,000902041357370095
0,0627796924708378
0,000769485683987275
0,000245227995758218
0,000465270413573701
0,000237274655355249
0,000856309650053022
0,00665363202545069
0,000752916224814422
0,000145148462354189
3,24761399787911E-05
0
0
0
0
4,90455991516437E-05
0,000365853658536585
0,00214475079533404
0,193773197242842
0,0024436638388123
0,000369167550371156
0,000161055143160127
0,000248541887592789
0,000837751855779427
0,00806998939554613
0,00160591198303287
0,00444525450689289
0,063549178154825
0,00655023860021209
0,000623674443266172
4,83828207847296E-05
7,68822905620361E-05
4,04294803817603E-05
0,000286983032873807
0,0209689819724284
0,000342656415694592
5,03711558854719E-05
2,25344644750795E-05
0,000444724284199364
0,00205129904559915
0,025894750795334
0,00200821845174973
0,000267099681866384
6,62778366914104E-07
0
0
0
0
