3,97667020148462E-06
0,000434119830328738
0,00181932661717922
0,035493769883351
0,00224350477200424
0,00060246553552492
0,000111346765641569
3,97667020148462E-06
0,000315482502651113
0,00090601802757158
0,00491715270413574
0,0280255832449629
0,00349217921527041
0,000675371155885472
1,32555673382821E-06
0,000318796394485684
0,000397004241781548
0,00554878048780488
0,0685690615058324
0,00318067338282078
0,00317735949098621
0,00159331919406151
0,00169339872746554
0,0109908536585366
0,0181760339342524
0,00306336161187699
0,000749602332979852
2,71739130434783E-05
1,32555673382821E-06
0
0
0
0
0
0
0
4,30805938494168E-05
0,00128645281018028
0,00417351537645811
0,0623906415694592
0,0355408271474019
0,00509146341463415
0,000871553552492047
4,04294803817603E-05
0
0
0
0
0
0
0
7,68822905620361E-05
0,000124602332979852
0,0006766967126193
0,000410922587486744
0,00186903499469777
0,00271474019088017
5,56733828207847E-05
0,00016635737009544
0,000878844114528102
0,00784199363732768
0,000428154825026511
0,000202147401908802
0,000320121951219512
0,000139846235418876
3,24761399787911E-05
0
0
1,12672322375398E-05
0,000301564156945917
0,000937168610816543
0,00330262460233298
0,00382621951219512
0,00235816542948038
0,00586757688229056
0,00475410922587487
0,000698568398727466
0,000212089077412513
2,12089077412513E-05
0
0,000110021208907741
0,00222958642629905
0,00763056733828208
0,0494101272534464
0,0130096765641569
0,00313759278897137
0,00176829268292683
0,000845705196182397
0,00015177624602333
3,8441145281018E-05
3,31389183457052E-06
0
0
0
0
0
1,45811240721103E-05
0,000216728525980912
0,00094313361611877
0,00973820254506893
0,00176895546129374
0,00154758748674443
0,0044220572640509
0,00388454400848356
0,0011326882290562
0,000302226935312831
5,96500530222694E-06
0
0
0
0
0
0
0
8,61611876988335E-06
2,58483563096501E-05
0,00123077942735949
0,000359888653234358
1,78950159066808E-05
6,62778366914104E-07
2,65111346765642E-05
7,09172852598091E-05
0,000379772004241782
0,00354917815482503
0,000234623541887593
3,38016967126193E-05
0,000227332979851538
0,000960365853658537
0,00563030222693531
0,000864925768822906
0,000287645811240721
3,97667020148462E-06
0
0
0
0
0
6,62778366914104E-07
5,30222693531283E-06
1,65694591728526E-05
3,51272534464475E-05
3,97667020148462E-06
1,98833510074231E-06
1,32555673382821E-06
4,10922587486744E-05
0,000566675503711559
0,0191642364793213
0,00107038706256628
0,000538838812301166
0,00219777306468717
0,0164024390243902
0,0211485949098621
0,00187632555673383
0,000446049840933192
2,45227995758218E-05
3,51272534464475E-05
3,97667020148462E-05
9,94167550371156E-06
0,000471898197242842
0,00466264581124072
0,000410922587486744
0,000218716861081654
0,00249602332979852
0,000273064687168611
6,03128313891835E-05
6,62778366914104E-06
0
0
0
0
0
0
0
0
0
0
0
0
0
0
4,63944856839873E-06
2,51855779427359E-05
0,000151113467656416
0,000720440084835631
0,000731707317073171
0,000764846235418876
0,00241516436903499
0,00019220572640509
1,98833510074231E-05
1,32555673382821E-06
0
0
0
0
0
0
1,32555673382821E-06
6,62778366914104E-06
4,50689289501591E-05
0,000301564156945917
0,000688626723223754
0,000856972428419936
0,00445320784729586
0,0382615323435843
0,00498011664899258
0,000628976670201485
0,000375132555673383
2,25344644750795E-05
0,000119962884411453
0,000892099681866384
0,0622938759278897
0,00118637327677625
0,000263123011664899
0,000339342523860021
0,000315482502651113
0,000517629904559915
0,00225742311770944
0,00501325556733828
0,000595174973488865
0,000133218451749735
3,24761399787911E-05
0
0
0
0
4,30805938494168E-05
0,00034729586426299
0,00190217391304348
0,185731044538706
0,00995161717921527
0,00100742311770944
0,000225344644750795
0,00024390243902439
0,000327412513255567
0,00415296924708378
0,00477796924708378
0,00173183987274655
0,00465469247083775
0,0629665959703075
0,00655023860021209
0,000617709437963945
5,43478260869565E-05
7,55567338282078E-05
3,8441145281018E-05
0,000212751855779427
0,00602863202545069
0,015200821845175
0,000178950159066808
3,8441145281018E-05
0,000127916224814422
0,000505037115588547
0,00308920996818664
0,0247700159066808
0,00193862672322375
0,000250530222693531
6,62778366914104E-07
