0,00131495227995758 
0,0320102067868505 
0 
0 
0 
0 
0 
0 
0 
0 
0,00770281018027572 
0,00865323435843054 
0 
0 
0 
0 
0 
0 
0 
0,026604586426299 
0,00523992576882291 
0 
0,0166151908801697 
0 
0 
0 
0 
0 
0 
0 
0 
0 
0 
0 
0 
0 
0 
0 
0 
0,0572912248144221 
0,00359756097560976 
0,00394154294803818 
0,0098873276776246 
0 
0 
0 
0 
0 
0 
0,0200569989395546 
0,00426762990455992 
0,00364793213149523 
0,0622421792152704 
0 
0 
0 
0 
0 
0 
0 
0 
0 
0 
0 
0 
0 
0 
0 
0 
0 
0 
0 
0 
0 
0 
0 
0,0370413573700954 
0 
0,00900119300106045 
0 
0,00971765641569459 
0 
0,00409597030752916 
0,00348290031813362 
0,00765707847295864 
0 
0,00628446447507953 
0 
0,0111969777306469 
0 
0,040524920466596 
0 
0 
0 
0 
0 
0 
0 
0 
0 
0 
0 
0 
0 
0 
0,0238295334040297 
0 
0,00539899257688229 
0,00838613467656416 
0 
0 
0,00666887592788971 
0,00386134676564157 
0,0048495493107105 
0,00616715270413574 
0,00191940615058324 
0,00309252386002121 
0,00456455461293743 
0,00828274125132556 
0 
0 
0 
0 
0,0145771474019088 
0,0163958112407211 
0 
0 
0 
0 
0 
0 
0 
0 
0,0235478525980912 
0,0033317868504772 
0,00340668080593849 
0,00537778366914104 
0,00419141039236479 
0,00683059384941676 
0 
0 
0 
0 
0 
0 
0 
0 
0 
0,0367384676564157 
0 
0,0150258483563096 
0 
0 
0 
0 
0 
0 
0 
0 
0 
0 
0 
0 
0 
0 
0 
0,0544836956521739 
0,00559517497348887 
0 
0,00506428950159067 
0,0212287910922588 
0 
0 
0 
0 
0 
0 
0 
0 
0 
0 
0 
0 
0 
0 
0 
0 
0 
0 
0 
0 
0 
0 
0 
0 
0 
0 
0 
0 
0 
0 
0 
0 
0 
0 
0 
0 
0 
0 
0 
0 
0 
0 
0 
0 
0 
0 
0 
0 
0,174861479321315 
0,00904758748674443 
0 
0,00607237539766702 
0 
0,0450854984093319 
0 
0 
0 
0 
0 
0 
0 
0 
0 
0 
0 
0 
0 
0 
0 
0,0243398727465536 
0,00287181866383881 
0,00471566808059385 
0 
0 
0 
0 
0,0187261399787911 
0,00990986214209968 
0 
0 
0 
0 
0 
0,0182549045599152 
0,00122282608695652 
