0,000196845174973489 
0,00111810710498409 
0 
0 
0,0320102067868505 
0 
0 
0 
0 
0 
0 
0 
0 
0 
0 
0 
0 
0 
0 
0 
0 
0 
0 
0 
0 
0 
0 
0 
0,00630898727465536 
0,0023495493107105 
0,0076975079533404 
0 
0 
0 
0 
0 
0 
0 
0 
0 
0 
0 
0 
0,026604586426299 
0 
0,00523992576882291 
0 
0 
0,0166151908801697 
0 
0 
0 
0 
0 
0 
0 
0 
0 
0 
0 
0 
0 
0 
0 
0 
0 
0 
0 
0 
0 
0,0572912248144221 
0,00359756097560976 
0,00266304347826087 
0,0111658271474019 
0 
0 
0 
0 
0 
0 
0 
0,0200569989395546 
0,00426762990455992 
0,00364793213149523 
0 
0,0622421792152704 
0 
0 
0 
0 
0 
0 
0 
0 
0 
0 
0 
0 
0 
0 
0 
0 
0 
0 
0 
0 
0 
0 
0,0370413573700954 
0 
0,00654294803817603 
0,00245824496288441 
0,00971765641569459 
0 
0,00409597030752916 
0,00348290031813362 
0,00765707847295864 
0 
0,00628446447507953 
0,00528499469777306 
0,00591198303287381 
0 
0,040524920466596 
0 
0 
0 
0 
0 
0 
0 
0 
0 
0 
0 
0,0238295334040297 
0 
0,00539899257688229 
0,00838613467656416 
0 
0,00666887592788971 
0,00386134676564157 
0,0048495493107105 
0,00616715270413574 
0,00501193001060445 
0,00344843584305408 
0,00939886002120891 
0 
0 
0 
0,0145771474019088 
0,0163958112407211 
0 
0 
0 
0 
0 
0 
0,0242470837751856 
0,00263255567338282 
0,0074105249204666 
0,00556534994697773 
0,00683059384941676 
0 
0 
0 
0 
0 
0 
0 
0,0367384676564157 
0,0150258483563096 
0 
0 
0 
0 
0 
0 
0 
0 
0 
0 
0 
0,0600788706256628 
0 
0,0262930805938494 
0 
0 
0 
0 
0 
0 
0 
0 
0 
0 
0 
0 
0 
0 
0 
0 
0 
0 
0 
0 
0 
0 
0 
0 
0 
0 
0 
0 
0 
0 
0 
0 
0 
0,174861479321315 
0,00904758748674443 
0,00607237539766702 
0,0450854984093319 
0 
0 
0 
0 
0 
0 
0 
0 
0 
0 
0,0243398727465536 
0,00758748674443266 
0 
0 
0,0187261399787911 
0,00990986214209968 
0 
0 
0 
0,0194777306468717 
0 
0 
0 
0 
0 
0 
0 
0 
0 
0 
0 
0 
0 
0 
